$ANSIBLE_VAULT;1.1;AES256
65643763363961316365336637343330646339303132396634303463393436356537306132306264
3665343264323135653536623864616638656165653033660a646436646362326465306564376661
32386461646366336238313831333164393734346235643566643366393034326231663231393534
6437633332366639360a626234636632343639326230626232393536363862383639633331643932
36633366333262633561373735616134656337363137653666366363613035613233663631333865
37326432366233393533386162336362623261336564313335303738633930353537383766383461
66616464653130663464346239343566393238363364633834386161356364383762336439323130
31333636346562366131646438303063393532353037646433323834366231326136616636393035
64656561356532666534623338313032323838323264663931623437396139343934663161653936
65333463633339363433323833613534373461663261373232616161636631343639343538656230
64626466303639323865616532646437373136363562306636373339316666303932616366393938
37346366336465346139336262356266626233663739653333333037333361666633623038613664
31343166363239373036613539616334393538343962383930346237623863373261336538616637
62636438346634626234333539323734323533376364393637616666396639373730323062643062
30383565373934633434386165343535646261376366383862393339643165643332393535333733
37663035666330303465326165313564646330343038323336353236346531653862616263363665
62393131623033616165663562316664623331386431326366653739613733356330386163363932
30633466393764313433383438323130396134346231323266393834306666303430636335303035
38316335613832366265396434303533636462353432383033316165633035326136393935616230
34336337616661646466653364356431396566616466313066646532646539353531653865356538
30376261616563353736386538346630666263383231633665653864346637323864383837313537
32313265396661636538353631313065643462363665376262393339643030643134373665363930
37356338316330353430316537646362316431386234333936323462646334353462316331353630
62376433366232383839306662356631316163343865366239653439356238343939643836656231
63663264623765343466353036356534373538316535623061663266393439646663313238303439
31333231376666336338326535656362623535623032336462386330626664613238303835316239
33306438313465363737316632623039653364376534613864303735663862316566653930373664
39643630666632623238
